























































































 
 
 
117,3
110,1
117,1
123,4
80,6
128,5
70
80
90
100
110
120
130
140
2005 2006 2007 2008 2009 2010




































 
 
 
 
 
 
 
 
 
 
 
 
 
 
 
 
 
 
 
 
 
 
 
 
 
 
 
 
 
 
 
 
 
 
 
 
 
 
 
















      
                                         















































































































































 





















































 
 













 
 































 
Bank sisteminin balans    
20000 
14000 
10000 
7000 
5000 
4000 
3000 
30000 

























































































 
 
 
 
 
 
 
 

































































































































