


3
 ..............................................................................................5
 ..............................................................................................................................7 
 ...........................................................................13
 .....................................13
 ......................................................13
 ...................................................................................................................17
 ...................................................................................18
 ....................................19
 .........................................................23
 .............................................................................29
 .................................................................................33
 .................................................................................................................................33
 ...............................................................................41
 .....................................................................................................................................46
 .....................................................................................................................................51
 ........................................................................................................55
 .................................................................................................................................62
 .................................................................................................................................................69
 .........................................................74
 ...............................................................................................74
 .................................................................79

5
6
 
7
1.
2. 
1
2
8
Diaqram 1. 3
Diaqram 2. 4
3  
4  
9
5. 
Diaqram 3. 
6. 
5  
6  
10
Diaqram 4. 
7
Diaqram 5. 
8
7  
8
11
Diaqram 6. 
Diaqram 7.  
Diaqram 8. 
12
9.
Diaqram 9. 
46.70%
11%
13.20%
9.10%
15.80%
21%
40.20%
29.30%
44.70%
0.00%
5.00%
10.00%
15.00%
20.00%
25.00%
30.00%
35.00%
40.00%
45.00%
50.00%
2001 2002 2003 2004 2005 2006 2007 2008 2009 2010 2011
10
resource-curse
BVF-nin 11
9  
10  
11  
13
12 
13
12
13
14
 14 
 
 
 
17
14
15
16
17
15
 
19
   
21 
18
19
20
21
16
22 
23
22
23
17
24
27
 
29
24
25
26
27
28
29
18
 
1) SKMF 
-
19
3) AZPROMO
20
 
21
Diaqram 10. 
22
30
31
 
32
30  http://president.az/articles/4098
31
2009
32
23
33.
1) 
( ).
33
24
1. 2011
2. 2010
3. 2009
4.
2009
5. 2008
6. 2008
7. 2007
8. 2006
9. 2005
10. 2003
11. 2003
12. 2001
25
).
( ).
26
(  ).
).
27
).
).
( ).
28
).
return
). 
29
).
).
30
Diaqram 11
34
35
36
alienation
34  
35
36
31
Diaqram 12. 
 
32
33
Diaqram 13. 
34
Diaqram 14. 
37
38
39. 
37
38
39
35
40. 
Diaqram 15. 
 
41. 
40  
41  
36
42
Diaqram 16. 
42
37
Diaqram 17. 
Diaqram 18.  
 
43. 
43 http://anfes.gov.az/az/
38
Diaqram 17. 
30 
44
45.
 
46 
44  
45
46
39
47
48
Diaqram 19. 
 
47
48
49
40
50.
51. 
52
53
54
55
56
50  
51
52  
53  http://www.lent.az/news.php?id=29442 
54  
55
56
41
57
58
59
57
58
59 www.economy.gov.az 
42
 
2000 2005 2006 2007 2008 2009 2010 2011
Diaqram 20. 
Diaqram 21. 
43
2006 2007 2008 2009 2010
 1  2  3  4  5  6  7 8 9 10 11
578.4 65.8 935.4 49.2 2630.3 61.5 2098.5 59.1 2350.7 56.9
215.4 24.5 422.3 22.2 1581.6 37.0 1182.6 33.3 1681.2 40.7
56.8 6.5 82.1 4.3 344.2 8.1 242.9 6.9 229.6 5.6
25.5 2.9 70.2 3.7 123.4 2.9 88.6 2.5 222.8 5.4
277.8 31.6 213.8 11.2 532.1 12.4 490.5 13.8 169.0 4.1
1.3 0.1 18.9 1.0 20.9 0.5 5.2 0.1 25.6 0.6
1.7 0.2 54.4 2.9 28.1 0.7 18.7 0.5 22.5 0.5
73.7 3.9 70.0* 2 - 
122 13.9 405 21.3 769.7 18.0 683.1 19.2 552.1 13.4
43.4 4.9 92.7 4.9 214.7 5.0 59.4 1.7 128.5 3.1
24.2 2.7 72.0 3.8 204.2 4.8 81.9 2.3 82.8 2.0
11.3 1.3 18.7 1.0 42.8 1.0 41.2 1.2 67.4 1.6
12.0 1.4 77.9 4.1 174.2 4.1 98.6 2.8 170.5 4.1
14.4 1.6 57.5 3.0 105.0 2.4 54.1 1.5 71.7 1.8
1.3 0.2 3.98 0.2 4.0 0.1 5.2 0.1 3.1 0.1
15.4 1.8 82.1 4.3 25.0 0.6 342.7 9.6 28.1 0.7
130.1 14.8 301.7 15.8 454.7 10.7 558.4 15.7 847.9 20.5 
47.7 5.5 260.1 13.7 420.5 9.8 213.4 6.0 381.7 9.2 
879.6 100.0 1902.2 100.0 4275.2 100.0 3553.4 100.0 4132.4 100.0
44
60.
2005 2006 2007 2008 2009 2010 2011
6.7 272.5 116.8 318.1 240.5 72.0 179.5
22.9 24.5 21.8 21.6 18.9 18.7 20.1
4 723 5 238 4 244 4 399 3 196 2 968 1013.4
61.
ir.
60  
61
45
24504.4 124850.7 100346.3
926925 555170.8
9900 105374.2 95474.2
126583.5 6419.6
484642.3 94898.4
601272.5 53834
2173827.7 940547.7
62. 
63.
62
 
63  
46
64
65. 
66.
67 68
64  
65 http://www.oecd.org/dataoecd/61/2/48631582.pdf 
66  
67  
68  Reports http://www.weforum.org/reports-results?fq=report^report_type%3A%22Competitiveness%22 
47
 
69
70
71. 
2000 2005 2006 2007 2008 2009 2010
181.8 479.1 723 980 1148 1181
0 3453 34517 186632 197350 44931 84513
23.8 17.4 12.6 11.8 9.1 10.9 10.0
3.8 2.9 2.6 2.5 2.4 3.2 2.8
69  
70  
71  
48
72. 
72
49
2000 2005 2006 2007 2008 2009 2010
40.9 115.3 162 257.2 346.2 402.4 429.4
0 4060 20478 63390 119678 28494 40584
5.3 5.3 4.3 4.2 3.2 3.8 3.6
0.9 0.9 0.9 0.9 0.9 1.1 1.0
2008 2009 2010 2011
134 133 139 142
101 92 93 93
94 76 109 122
80 63 12 29
95 96 98 90
78 64 104 113
92 85 101 99
119 117 124  125
50
73. 
. 
2000 2009 2010 2011
174 182 169 169
90 86 67 91 
0.787
73  
http://www.oecd.org/dataoecd/34/60/46619703.pdf 
http://www.oecd.org/dataoecd/15/13/39725224.pdf 
51
 
74. 
76. 
74  http://www.huquqiaktlar.gov.az/StatementDetails.aspx?statementId=4837
75  
76  
52
Diaqram 22. 
 
77. 
.
Diaqram 23. 
 
77
53
78. 
 
79.
78  http://www.science.gov.az/az/presidium/qeydiyyat_shobesi/index.htm 
79   
54
 
 
2008 2009 2010 2008 2009 2010 2008 2009 2010
         
24 35 27 14 11 24 32 35 51
25 19 18 11 13 16 19 19 18
6 38 5 16 7 22 37 38 35
8 45 9 23 9 25 40 45 34
3 34 7 15 9 18 40 34 32
7 47 3 12 10 16 42 47 38
         
8 18 19 17 18 19 27 18 24
3 27 2 9 9 10 38 27 26
8 24 2 19 15 15 26 24 19
4 29 10 10 10 12 36 29 23
5 28 3 13 9 6 39 28 25
1 28 1 16 9 13 35 28 22
         
2 35 3 3 4 9 47 35 45
7 25 4 14 10 13 26 25 22
4 29 3 9 8 9 35 29 24
7 23 6 14 12 12 35 23 20
55
  
 
2000 2005 2006 2007 2008 2009 2010
1722.2 6186.4 10742 16875 23840 17481 21827
36.1 49.4 57.3 59.5 58.5 49.1 52.5
1307.5 5285 9542 15230 21152.2 15095 19125
27.7 42.2 50.9 53.7 52.7 42.4 46.0
250.1 814 1087.3 1418 1886.5 1958 2245
5.3 6.5 5.8 5.0 4.7 5.5 5.4
56
 
2001
2004
2005
2006
2007
2008
2009
2010
57
2000 2005 2006 2007 2008 2009 2010
107.9 133.8 144.0 155.2 167.5 174.5
29.8 33.8 34.2 41.8 42.5 43.3
0.5 3.5 21.6 306 272 316 335
12.8 14.3 14.4 14.1 20.7 20.9
4.2 40.4 68.4 77.9 70.9 88.7
7.7 7.9 7.1 10.7 10.8
150.4 19.4 52.6 35.8 42.2 27.9
623.2 505 584 855.8 717 914
450.4 536.4 1307 748.9 862 885
386.1 66 64.5 72.1 62.7 22.6 81.4
711 2490 3163 3218 3229 3572 3771
5900 2600 2300 1000 1500 1543 2027
2400 5008 4620 3597 2661 2342 2191
479.2 918.3 2142 1220 1357 2757
12.4 23.2 20 20.6 128.9 129.7 137.1
3310 3677 1135 4905 4943 605
4000 10374 10971 7111 7341 5466 4449
58
- 
- 
- 
- 
59
2000 2005 2006 2007 2008 2009 2010
322 1631 1559 1305 1797 1578 1012
0.43 286.1 335.3 468 278.1 150.3 306.5
3.7 1257 14108 25706 28196 6918 36545
0 234.5 268.1 184.3 203.4 96.4 131.4
527.8 291 272 874.6 1266.3 449.8 124.1
4 30 446 33.4 136.4 54 173.8
0 440.3 587.7 734 794.6 399 252.1
214.7 314.8 362.7 266.1 306.3 36.6
2001
 2007
60
 
2000 2005 2006 2007 2008 2009 2010
37.7 56.0 54.8 40.9 22.3 12.1 11.4
2.1 6.2
683 3099 3077 2202 823 807 1104
0 437.2 295.7 424.9 496.7 543.6 735.6
385 561.6 543.5 118 114.2 286.1 125.3
0.1 360 327 381 381 858 267
122 3.7 130.5 100.9 110.8 249.1 94
15.8 630.3 269.2 3.2 20.6 12.8 3.3
738.2 2969 3196 3065 1868 1277 2004
438.6 787.6 624.6 682.8 6.3 0 0
0.3 10.7 22.1 20.9 28.1 14.9 9.1
61
2006
2008
62
 
2000 2005 2006 2007 2008 2009 2010
72.6 2.4 0 0 55.1
0 1.5 0.9 0.8 0.3 0.3 0.5
0 53.0 70.4 47.2 65.1 41.8 52.8
304.3 1515.7 1366 10399.8 9760.7 10120.4 6433.8 
2409 5999.6 3592 5920.6 5158.8 6760.5 1087.5
31.7 1317 308.1 143.4 73 104 147.7
353.7 395.9 1386.2 1219.7 780.9 1732.3 1206.3
63
- 
80
80
64
81
82
81 www.
worldbank.org 
82
65
83
2005 2008 2009 2010 2005 2008 2009 2010
1251 1382 1433 1536 0.172 0.23
1084 1077 983 953.7 38.9 82.3
458.1 468 425 434 28.9 44.6
191 169 171.6 0.497 15.4 6.1 1.1
98.4 94.1 0.56 0.901 0.78 0.104
7.4 8.8 8.9 0 2.1 0.403 0.455
0.596 0.755 0.800 0 0 0 0 
12.6 15.2 15.6 6.1 13.6 12.6 11.6
115.8 129.2 129.5 0.385 0.313 0.156 0.24
205 204.3 122.5 86.1 42.1
 
83
66
 
67
 
. 
84
85
84
85  
68
86. 
 
87
88
86
87  
88  
69
89
90. 
91
92
93
94
95. 
89
90  
91  
92  
93  
94  http://www.azstat.org/statinfo/system_nat_accounts/az/index.shtml
95  
70
2005 2006 2007 2008 2009 2010
1282 1262 1333 1899 1830 1963
0.6 0.6 0.6 0.8 1.1
81 96 117 123 124 126
40008 45605 56290 59607 59700 69923
4035.3 4788.1 11646.1 12988 14014 14755
1622 11451 9431 4835 10046 4366
 96.
96  http://azerbaijan.news.az/index.php?Lng=aze&Pid=25571
71
97.
97  
72
98
98  
73
74
3
2000 2005 2006 2007 2008 2009 2010 2011
14000 22220 32273
40876
3 5642
4456 6903
75
 
2000 2001 2002 2003 2004 2005 2006 2007 2008 2009 2010
248.2 470.2 294.9 364.1 324.1 660.0 986.0 1886.2 11864.6 8274.3 13088.5
248.2 718.4 1013.3 1377.4 1701.5 2361.5 3347.5 5233.7 17098.3 25372.6 38461.1
0.9 87.1 236.0 163.5 232.6 981.4 1061.2 4291.8 5294.5 6386.5
100.0 130.0 150.0 585.0 585.0 3800.0 4900.0 5915.0
0.9 88.0 324.0 487.5 720.1 1701.5 2762.7 7054.5 12349.0 18735.5
248.2 469.4 677.5 803.6 952.9 1280.0 1267.4 2092.4 8986.7 11966.5 18165.7
270.9 491.5 692.2 815.6 964.0 1394.3 1454.5 2475.4 11219.2 14900.4 22766.8
99  
76
Diaqram 24. 
2004 2005 2006 2007 2008 2009 2010
384.4 542.1 700.8 1080.7 1351.6 1273.2 1262.9
972.0 1831.5 2087.1 587.9 741.1
130.0 150.0 585.0 585.0 3800.0 4915.0 5915.0
966.8 1363.1 1624.2 2509.4 3524.0 3549.8 3484.0
1481.2 2055.2 3882.0 6006.6 10762.7 10325.9 11403.0
34.7 33.7 58.2 58.2 67.3 65.6 69.4
77
2000 2005 2006 2007 2008 2009 2010
16.1 9.2 7.1 6.5 5.6 6.1 5.4
27.7 42.2 50.9 53.7 52.7 42.4 46.0
5.3 6.5 5.8 5.0 4.7 5.5 5.4
6.5 9.4 7.7 6.7 7.0 7.2 7.5
6.3 6.1 5.4 5.0 5.5 6.7 6.6
12.0 7.4 6.6 7.3 6.7 8.8 7.9
2.7 1.4 1.8 1.4 1.6 2.1 2.8
2.0 3.0 2.6 1.3 1.5 2.2 1.9
4.9 2.5 2.3 2.6 2.8 3.7 3.3
4.6 1.3 1.5 1.1 1.6 3.1 1.5
0.1381 0.2111 0.2828 0.3090 0.2977 0.2081 0.2370
 
78
2000 2005 2006 2007 2008 2009 2010
6
79
2000 2005 2006 2007 2008 2009 2010 2011
0 0
0
0
1 0 0
51
6
0 0 0
56.4 51.0 60.4 53.4 92.6 82.6 88.1 88.4
 
80
). 
100
101
102
100
101
102
81
PRODY 
USD) (%)
333 14197 10.8 7.98
334 22382 1.28 4.31
343 18091 0.6 1.51
061 5322 1.92 0.26
057 10825 1.33 0.45
3771 0.77 0.52
571 24158 0.47 0.43
793 20853 0.86 1.05
684 23497 0.28 0.72
82
Diaqram 25. 
103
104.
103
104
83
). 
1996 1997 1998 1999 2000 2001 2002 2003 2004 2005 2006 2007 2008 2009 2010
0.29 0.44 1 0.57 0.29 0.39 0.37 0.26 0.18 0.06 0.06 0.07 0.02 0.03
1996 1997 1998 1999 2000 2001 2002 2003 2004 2005 2006 2007 2008 2009 2010
2.2 4.4 13.7 8.5 4.6 8.8 7.9 5.15 2.2 1.1 1.7 3.4 0.92 0.98 1.1
1996 1997 1998 1999 2000 2001 2002 2003 2004 2005 2006 2007 2008 2009 2010
20 14.2 13 9.9 7.7 4.4 5.9 6.5 10.5 13.3 8.1 7.5 1.5 3 2.5
106
105   
106
 

